#sulf
0.145 0.133 0.095 0.045 0.182 0.170 0.145 0.133 0.120 0.095 0.133 0.120 0.107 0.095 0.083 0.070 0.095 0.083 0.070 0.058 0.045 0.045 0.033 0.020 0.007 0.145 0.133 0.095 0.045 0.145 0.133 0.120 0.107 0.095 0.083 0.095 0.083 0.070 0.058 0.145 0.133 0.095 0.083 0.045 0.095 0.083 0.070 0.033 0.095 0.083 0.045 0.045 0.033 0.045 0.383 0.370 0.357 0.345 0.333 0.320 0.307 0.295 0.282 0.245 0.345 0.333 0.320 0.307 0.295 0.282 0.270 0.245 0.233 0.295 0.282 0.270 0.258 0.245 0.233 0.245 0.233 0.345 0.333 0.320 0.307 0.295 0.282 0.270 0.245 0.295 0.282 0.270 0.258 0.245 0.233 0.220 0.245 0.233 0.220 0.295 0.282 0.270 0.245 0.233 0.245 0.233 0.220 0.245 0.233 0.545 0.532 0.520 0.507 0.495 0.482 0.445 0.495 0.482 0.470 0.458 0.445 0.432 0.445 0.432 0.420 0.495 0.482 0.470 0.445 0.432 0.445 0.432 0.420 0.407 0.445 0.432 0.695 0.682 0.670 0.645 0.645 0.632 0.620 0.608 0.645 0.632 0.845 0.833
#dust
0.145 0.133 0.095 0.045 0.182 0.170 0.145 0.133 0.120 0.095 0.133 0.120 0.107 0.095 0.083 0.070 0.095 0.083 0.070 0.058 0.045 0.045 0.033 0.020 0.007 0.345 0.333 0.295 0.245 0.345 0.333 0.320 0.307 0.295 0.282 0.295 0.282 0.270 0.258 0.545 0.532 0.495 0.482 0.445 0.495 0.482 0.470 0.432 0.695 0.682 0.645 0.645 0.632 0.845 0.182 0.170 0.158 0.145 0.133 0.120 0.107 0.095 0.083 0.045 0.145 0.133 0.120 0.107 0.095 0.083 0.070 0.045 0.033 0.095 0.083 0.070 0.058 0.045 0.033 0.045 0.033 0.345 0.333 0.320 0.307 0.295 0.282 0.270 0.245 0.295 0.282 0.270 0.258 0.245 0.233 0.220 0.245 0.233 0.220 0.495 0.482 0.470 0.445 0.432 0.445 0.432 0.420 0.645 0.632 0.145 0.133 0.120 0.107 0.095 0.083 0.045 0.095 0.083 0.070 0.058 0.045 0.033 0.045 0.033 0.020 0.295 0.282 0.270 0.245 0.233 0.245 0.233 0.220 0.207 0.445 0.432 0.095 0.083 0.070 0.045 0.045 0.033 0.020 0.007 0.245 0.233 0.045 0.033
#oc
0.145 0.133 0.095 0.045 0.383 0.370 0.345 0.333 0.320 0.295 0.532 0.520 0.507 0.495 0.482 0.470 0.695 0.682 0.670 0.657 0.645 0.845 0.833 0.820 0.807 0.145 0.133 0.095 0.045 0.345 0.333 0.320 0.307 0.295 0.282 0.495 0.482 0.470 0.458 0.145 0.133 0.095 0.083 0.045 0.295 0.282 0.270 0.432 0.095 0.083 0.045 0.245 0.233 0.045 0.182 0.170 0.158 0.145 0.133 0.120 0.107 0.095 0.083 0.045 0.345 0.333 0.320 0.307 0.295 0.282 0.270 0.245 0.233 0.495 0.482 0.470 0.458 0.445 0.432 0.645 0.632 0.145 0.133 0.120 0.107 0.095 0.083 0.070 0.045 0.295 0.282 0.270 0.258 0.245 0.233 0.220 0.445 0.432 0.420 0.095 0.083 0.070 0.045 0.033 0.245 0.233 0.220 0.045 0.033 0.145 0.133 0.120 0.107 0.095 0.083 0.045 0.295 0.282 0.270 0.258 0.245 0.233 0.445 0.432 0.420 0.095 0.083 0.070 0.045 0.033 0.245 0.233 0.220 0.207 0.045 0.033 0.095 0.083 0.070 0.045 0.245 0.233 0.220 0.207 0.045 0.033 0.045 0.033
#ssalt
0.545 0.532 0.695 0.845 0.182 0.170 0.345 0.333 0.320 0.495 0.133 0.120 0.107 0.295 0.282 0.270 0.095 0.083 0.070 0.058 0.045 0.045 0.033 0.020 0.007 0.345 0.333 0.495 0.645 0.145 0.133 0.120 0.107 0.295 0.282 0.095 0.083 0.070 0.058 0.145 0.133 0.295 0.282 0.445 0.095 0.083 0.070 0.033 0.095 0.083 0.245 0.045 0.033 0.045 0.182 0.170 0.158 0.345 0.333 0.320 0.307 0.495 0.482 0.645 0.145 0.133 0.120 0.107 0.295 0.282 0.270 0.445 0.432 0.095 0.083 0.070 0.058 0.245 0.233 0.045 0.033 0.145 0.133 0.120 0.107 0.295 0.282 0.270 0.445 0.095 0.083 0.070 0.058 0.245 0.233 0.220 0.045 0.033 0.020 0.095 0.083 0.070 0.245 0.233 0.045 0.033 0.020 0.045 0.033 0.145 0.133 0.120 0.107 0.295 0.282 0.445 0.095 0.083 0.070 0.058 0.245 0.233 0.045 0.033 0.020 0.095 0.083 0.070 0.245 0.233 0.045 0.033 0.020 0.007 0.045 0.033 0.095 0.083 0.070 0.245 0.045 0.033 0.020 0.007 0.045 0.033 0.045 0.033
#bc
0.020 0.070 0.020 0.020 0.070 0.120 0.020 0.070 0.120 0.020 0.070 0.120 0.170 0.020 0.070 0.120 0.020 0.070 0.120 0.170 0.220 0.020 0.070 0.120 0.170 0.020 0.070 0.020 0.020 0.020 0.070 0.120 0.170 0.020 0.070 0.020 0.070 0.120 0.170 0.020 0.070 0.020 0.070 0.020 0.020 0.070 0.120 0.070 0.020 0.070 0.020 0.020 0.070 0.020 0.070 0.120 0.170 0.020 0.070 0.120 0.170 0.020 0.070 0.020 0.020 0.070 0.120 0.170 0.020 0.070 0.120 0.020 0.070 0.020 0.070 0.120 0.170 0.020 0.070 0.020 0.070 0.020 0.070 0.120 0.170 0.020 0.070 0.120 0.020 0.020 0.070 0.120 0.170 0.020 0.070 0.120 0.020 0.070 0.120 0.020 0.070 0.120 0.020 0.070 0.020 0.070 0.120 0.020 0.070 0.020 0.070 0.120 0.170 0.020 0.070 0.020 0.020 0.070 0.120 0.170 0.020 0.070 0.020 0.070 0.120 0.020 0.070 0.120 0.020 0.070 0.020 0.070 0.120 0.170 0.020 0.070 0.020 0.070 0.120 0.020 0.020 0.070 0.120 0.170 0.020 0.070 0.020 0.070
